0 43 79 0.407040 2.000000 
1 249 865 41.686878 3007.000000 
2 119 749 25.063105 1777.000000 
3 117 537 8.083456 568.000000 
4 177 717 21.823488 1486.000000 
5 196 593 11.964704 738.000000 
6 87 361 2.666304 148.000000 
7 190 7 0.479776 0.000000 
8 151 612 13.704832 828.000000 
9 112 30 0.354784 0.000000 
10 114 80 0.880928 2.000000 
11 98 696 24.549152 1284.000000 
12 209 425 11.204608 255.000000 
13 191 868 37.431679 2799.000000 
14 103 113 0.502080 4.000000 
15 116 534 8.003776 544.000000 
16 150 49 0.334176 0.000000 
17 107 120 0.592960 5.000000 
18 202 845 37.642494 2553.000000 
19 87 718 18.248705 1442.000000 
20 107 549 10.325984 588.000000 
21 219 1015 67.097565 4882.000000 
22 131 322 2.266432 106.000000 
23 247 129 0.471872 7.000000 
24 113 727 24.938528 1491.000000 
25 236 711 20.442272 1431.000000 
26 141 694 17.237633 1266.000000 
27 214 597 12.249152 754.000000 
28 256 290 1.890752 77.000000 
29 209 127 0.479360 6.000000 
30 232 669 18.825089 1156.000000 
31 237 427 6.898656 265.000000 
32 112 128 0.532480 7.000000 
33 240 675 16.663361 1196.000000 
34 70 576 11.679744 685.000000 
35 95 482 7.891552 488.000000 
36 243 42 0.286208 1.000000 
37 237 228 1.022976 36.000000 
38 218 133 0.658016 7.000000 
39 135 639 14.113184 954.000000 
40 174 167 0.792576 15.000000 
41 240 267 1.751936 57.000000 
42 249 408 7.583744 226.000000 
43 235 706 19.134527 1387.000000 
44 225 824 33.972130 2261.000000 
45 146 331 6.796000 117.000000 
46 171 220 1.888800 31.000000 
47 124 30 0.639680 0.000000 
48 138 887 43.674911 3013.000000 
49 114 373 5.206016 174.000000 
50 184 863 38.296898 2766.000000 
51 181 175 0.876608 15.000000 
52 141 200 0.827808 23.000000 
53 92 313 2.018400 98.000000 
54 182 77 1.909888 1.000000 
55 201 728 22.736897 1531.000000 
56 99 84 0.458208 2.000000 
57 256 537 10.589248 568.000000 
58 77 256 1.450048 59.000000 
59 29 789 50.671265 1990.000000 
60 112 360 2.889952 145.000000 
61 148 389 5.692832 194.000000 
62 44 382 4.608160 183.000000 
63 185 32 0.331424 0.000000 
64 199 863 43.739136 2833.000000 
65 200 995 68.679680 4490.000000 
66 60 558 9.848096 621.000000 
67 161 981 59.355778 4282.000000 
68 222 967 52.743904 4037.000000 
69 191 601 12.998208 774.000000 
70 244 831 25.251455 2337.000000 
71 38 496 10.453984 413.000000 
72 253 651 19.173216 1092.000000 
73 144 516 7.741440 492.000000 
74 111 161 0.473984 12.000000 
75 212 449 5.237728 311.000000 
76 64 534 8.464448 538.000000 
77 208 11 0.331072 0.000000 
78 69 436 7.149632 279.000000 
79 28 980 108.249313 4186.000000 
80 65 719 29.321217 1441.000000 
81 114 194 3.244032 23.000000 
82 233 540 12.448320 578.000000 
83 177 489 9.077216 430.000000 
84 182 906 43.841282 3213.000000 
85 232 426 4.260288 259.000000 
86 54 262 1.275872 55.000000 
87 189 703 19.228672 1337.000000 
88 81 754 28.342272 1738.000000 
89 130 143 0.684224 8.000000 
90 95 524 7.270656 507.000000 
91 178 83 0.410464 1.000000 
92 138 339 2.595104 126.000000 
93 250 571 11.476192 672.000000 
94 196 142 0.875360 9.000000 
95 183 228 1.067104 35.000000 
96 170 965 59.374306 4032.000000 
97 121 424 4.120576 253.000000 
98 167 176 0.968576 18.000000 
99 141 636 15.813856 940.000000 
100 49 855 40.253441 2645.000000 
101 149 944 51.111198 3378.000000 
102 84 446 8.113984 303.000000 
103 44 955 65.857536 3897.000000 
104 64 1016 58.847393 4736.000000 
105 121 114 0.477632 5.000000 
106 66 804 38.400608 2138.000000 
107 137 842 39.233631 2495.000000 
108 230 726 22.184065 1527.000000 
109 147 575 10.480032 710.000000 
110 68 787 39.141376 2005.000000 
111 28 666 30.093216 1321.000000 
112 149 705 20.509312 1334.000000 
113 35 504 10.463264 465.000000 
114 104 958 53.985760 3881.000000 
115 41 274 1.861504 64.000000 
116 113 916 45.169792 3363.000000 
117 168 96 0.470240 2.000000 
118 68 440 8.697568 285.000000 
119 201 447 6.464192 300.000000 
120 120 475 5.370048 381.000000 
121 186 218 2.730144 30.000000 
122 221 148 0.594112 10.000000 
123 105 699 21.771360 1330.000000 
124 33 190 1.953440 21.000000 
125 35 841 50.049023 2471.000000 
126 124 642 14.969216 974.000000 
127 220 426 5.928928 262.000000 
128 231 698 18.779104 1311.000000 
129 42 748 28.670816 1636.000000 
130 199 489 8.415264 419.000000 
131 28 324 3.682304 108.000000 
132 48 219 1.543040 32.000000 
133 74 108 0.465056 4.000000 
134 68 802 34.381985 2286.000000 
135 237 96 0.450752 3.000000 
136 11 770 118.838974 1830.000000 
137 55 257 1.054720 53.000000 
138 177 311 2.089472 95.000000 
139 171 454 8.353408 317.000000 
140 39 145 0.683808 10.000000 
141 14 725 79.593475 1550.000000 
142 46 165 0.802240 14.000000 
143 45 56 0.415200 0.000000 
144 182 86 0.575328 2.000000 
145 44 135 0.501920 7.000000 
146 52 950 57.919487 3891.000000 
147 189 427 4.351936 265.000000 
148 41 696 24.467585 1324.000000 
149 117 2 0.820832 0.000000 
150 136 539 12.211616 562.000000 
151 205 320 2.410496 112.000000 
152 213 890 45.010880 3001.000000 
153 203 893 45.639679 3101.000000 
154 152 842 30.347584 2456.000000 
155 83 293 1.784448 79.000000 
156 197 309 5.418464 97.000000 
157 195 974 63.484737 4072.000000 
158 133 286 1.731776 72.000000 
159 256 503 8.968192 446.000000 
160 48 170 0.697792 14.000000 
161 129 226 1.234688 35.000000 
162 75 704 23.740992 1315.000000 
163 224 615 14.580096 838.000000 
164 33 975 93.937630 4209.000000 
165 48 738 25.456640 1830.000000 
166 112 789 27.420864 2009.000000 
167 146 689 20.925119 1239.000000 
168 75 763 31.694847 1797.000000 
169 121 817 24.079777 2304.000000 
170 46 735 29.481504 1526.000000 
171 22 42 0.415552 0.000000 
172 149 632 12.161056 934.000000 
173 168 780 24.292255 2514.000000 
174 160 1018 57.268223 4820.000000 
175 223 207 3.422112 26.000000 
176 53 701 22.410303 1309.000000 
177 232 170 0.749856 14.000000 
178 61 724 20.653728 1458.000000 
179 167 601 13.962080 773.000000 
180 98 285 1.899424 72.000000 
181 21 976 141.570557 3779.000000 
182 250 904 41.005154 3112.000000 
183 233 659 15.081536 1060.000000 
184 145 203 0.839552 24.000000 
185 220 831 31.033504 2330.000000 
186 122 24 0.282624 0.000000 
187 238 277 1.869312 71.000000 
188 97 767 30.324736 1792.000000 
189 186 392 3.254816 195.000000 
190 106 594 13.531392 759.000000 
191 26 216 2.187392 30.000000 
192 75 113 0.487232 5.000000 
193 163 303 2.655104 87.000000 
194 170 992 59.307808 3787.000000 
195 75 406 8.293056 222.000000 
196 104 502 7.102720 438.000000 
197 208 161 0.775552 12.000000 
198 175 996 59.677345 4380.000000 
199 6 514 64.049057 472.000000 
200 56 853 33.852577 2632.000000 
201 246 114 0.782336 4.000000 
202 35 932 77.329346 3475.000000 
203 127 340 2.241920 127.000000 
204 111 199 1.102368 23.000000 
205 178 561 12.730464 643.000000 
206 177 103 0.546816 3.000000 
207 151 162 1.546240 14.000000 
208 197 505 7.081376 470.000000 
209 229 87 0.483328 2.000000 
210 59 110 0.532480 4.000000 
211 100 775 27.701536 2011.000000 
212 149 597 11.589376 759.000000 
213 203 43 0.384096 0.000000 
214 237 841 34.504738 2502.000000 
215 233 273 1.755040 68.000000 
216 244 38 0.241504 1.000000 
217 101 377 6.062560 175.000000 
218 239 1005 55.881790 4629.000000 
219 223 424 4.370784 254.000000 
220 121 767 22.994144 1817.000000 
221 129 344 2.875392 129.000000 
222 76 92 0.589408 2.000000 
223 20 739 61.544449 1605.000000 
224 77 795 32.923969 2056.000000 
225 199 980 65.696609 4202.000000 
226 131 991 63.457279 4437.000000 
227 159 986 54.495552 4263.000000 
228 96 919 43.032673 3381.000000 
229 256 393 4.882144 211.000000 
230 64 284 1.682784 73.000000 
231 173 821 30.261248 2330.000000 
232 28 946 99.160706 3697.000000 
233 219 854 38.863297 2651.000000 
234 100 324 5.235008 108.000000 
235 188 951 49.231998 3816.000000 
236 167 988 62.885567 4331.000000 
237 193 176 0.984320 16.000000 
238 67 1011 80.316544 4728.000000 
239 207 503 8.444704 446.000000 
240 212 182 0.802304 17.000000 
241 77 882 49.106529 2906.000000 
242 119 755 22.609921 1760.000000 
243 245 773 26.398016 1881.000000 
244 135 754 28.526592 1702.000000 
245 148 228 0.919072 35.000000 
246 147 864 39.456768 2451.000000 
247 33 76 0.483360 1.000000 
248 168 265 1.601536 57.000000 
249 57 421 5.833600 248.000000 
250 100 250 2.711552 47.000000 
251 1 88 1.732608 2.000000 
252 158 881 37.520512 3024.000000 
253 128 227 0.915648 34.000000 
254 182 377 3.246080 174.000000 
255 163 126 0.542720 6.000000 
256 232 11 0.358400 0.000000 
257 36 377 7.677696 175.000000 
258 100 9 0.228896 0.000000 
259 65 52 0.341344 0.000000 
260 204 36 0.483360 0.000000 
261 175 802 31.510529 2217.000000 
262 59 503 9.762816 443.000000 
263 226 360 3.304928 148.000000 
264 188 727 19.981344 1550.000000 
265 130 896 48.541599 3920.000000 
266 44 822 34.105152 2295.000000 
267 249 28 0.272448 0.000000 
268 233 23 0.843744 0.000000 
269 58 727 20.176865 1495.000000 
270 131 362 5.041888 151.000000 
271 178 264 4.213056 55.000000 
272 158 382 3.355008 183.000000 
273 87 885 42.984608 2993.000000 
274 199 861 41.742657 2727.000000 
275 142 808 30.734337 2166.000000 
276 39 983 80.054398 5276.000000 
277 1 587 399.570953 722.000000 
278 230 932 27.694944 3557.000000 
279 119 375 3.790848 172.000000 
280 26 741 47.204353 1611.000000 
281 207 577 13.664256 699.000000 
282 179 113 0.462976 4.000000 
283 110 779 25.874464 1951.000000 
284 213 500 8.284000 435.000000 
285 47 836 35.485439 2477.000000 
286 140 642 20.473888 1030.000000 
287 109 94 0.495616 3.000000 
288 220 892 42.553345 3006.000000 
289 5 47 0.393824 0.000000 
290 198 1006 68.933853 5254.000000 
291 230 439 7.532160 309.000000 
292 71 958 64.198685 3894.000000 
293 98 128 0.779840 6.000000 
294 69 524 14.774368 499.000000 
295 143 1013 64.710686 4805.000000 
296 138 382 5.955008 185.000000 
297 45 776 36.247585 1900.000000 
298 80 936 53.818401 4434.000000 
299 46 314 2.822304 99.000000 
300 213 176 0.834528 15.000000 
301 19 828 85.928574 2292.000000 
302 241 549 13.581280 585.000000 
303 246 127 0.465696 6.000000 
304 219 729 21.643648 1562.000000 
305 131 271 1.774144 62.000000 
306 66 644 20.621759 977.000000 
307 56 363 2.805280 152.000000 
308 174 520 11.976704 494.000000 
309 145 747 21.795904 1677.000000 
310 44 170 0.821408 15.000000 
311 71 244 1.379520 43.000000 
312 213 580 10.557440 785.000000 
313 92 214 0.874496 28.000000 
314 90 136 0.501824 8.000000 
315 228 212 0.818656 31.000000 
316 209 127 1.487072 7.000000 
317 232 669 19.248129 1155.000000 
318 237 427 6.100992 265.000000 
319 112 128 0.529248 7.000000 
320 240 675 13.974336 1159.000000 
321 70 576 11.587392 684.000000 
322 95 482 11.184224 509.000000 
323 243 42 0.672896 0.000000 
324 237 228 1.365824 35.000000 
325 218 133 0.663776 7.000000 
326 135 639 14.378752 983.000000 
327 174 167 0.995360 14.000000 
328 240 267 1.490880 58.000000 
329 249 408 3.409056 222.000000 
330 235 706 16.612064 1351.000000 
331 225 824 31.908895 2263.000000 
332 146 331 3.133440 118.000000 
333 171 220 0.913504 31.000000 
334 124 30 0.727040 0.000000 
335 138 887 44.140350 3027.000000 
336 114 373 5.880384 170.000000 
337 184 863 38.602718 2809.000000 
338 181 175 1.202240 16.000000 
339 141 200 0.901088 23.000000 
340 92 313 2.355200 97.000000 
341 182 77 0.358016 2.000000 
342 201 728 21.547009 1498.000000 
343 99 84 0.325568 1.000000 
344 256 537 7.555072 566.000000 
345 77 256 1.374208 59.000000 
346 29 789 48.366241 2016.000000 
347 112 360 6.385344 148.000000 
348 148 389 3.360768 195.000000 
349 44 382 4.965216 183.000000 
350 185 32 0.341792 0.000000 
351 199 863 41.484638 2776.000000 
352 200 995 66.036865 4437.000000 
353 60 558 11.558112 618.000000 
354 161 981 61.091839 4274.000000 
355 222 967 54.781952 4076.000000 
356 191 601 10.752864 765.000000 
357 244 831 31.271263 2372.000000 
358 38 496 11.519744 415.000000 
359 253 651 16.721920 1062.000000 
360 144 516 10.477568 479.000000 
361 111 161 0.519840 13.000000 
362 212 449 9.918976 310.000000 
363 64 534 8.780416 532.000000 
364 208 11 0.390432 0.000000 
365 69 436 5.842816 278.000000 
366 28 980 105.774689 4175.000000 
367 65 719 27.326977 1432.000000 
368 114 194 1.023808 21.000000 
369 233 540 8.077632 604.000000 
370 177 489 8.112128 419.000000 
371 182 906 47.660706 3128.000000 
372 232 426 4.459584 259.000000 
373 54 262 2.754048 57.000000 
374 189 703 18.583551 1362.000000 
375 81 754 23.215008 1697.000000 
376 130 143 0.522112 8.000000 
377 95 524 6.953440 502.000000 
378 178 83 0.699360 1.000000 
379 138 339 2.562368 130.000000 
380 250 571 12.306656 667.000000 
381 196 142 0.511840 8.000000 
382 183 228 1.038112 35.000000 
383 170 965 56.569855 4047.000000 
384 121 424 5.490304 252.000000 
385 167 176 1.539712 16.000000 
386 141 636 16.114752 970.000000 
387 49 855 41.606945 2683.000000 
388 149 944 50.893345 3345.000000 
389 84 446 6.811680 310.000000 
390 44 955 69.766655 3875.000000 
391 64 1016 59.592609 4619.000000 
392 121 114 0.466112 4.000000 
393 66 804 35.430466 2141.000000 
394 137 842 36.828510 2475.000000 
395 230 726 24.114847 1540.000000 
396 147 575 9.526528 728.000000 
397 68 787 37.099743 1977.000000 
398 28 666 29.597729 1386.000000 
399 149 705 20.576256 1357.000000 
400 35 504 11.561024 444.000000 
401 104 958 58.669056 3890.000000 
402 41 274 1.878016 63.000000 
403 113 916 45.637791 3290.000000 
404 168 96 0.452960 2.000000 
405 68 440 6.191104 281.000000 
406 201 447 6.034240 324.000000 
407 120 475 5.632256 381.000000 
408 186 218 1.321728 30.000000 
409 221 148 0.552192 10.000000 
410 105 699 25.700031 1316.000000 
411 33 190 1.205600 22.000000 
412 35 841 49.361984 2480.000000 
413 124 642 14.861280 1026.000000 
414 220 426 4.081696 269.000000 
415 231 698 19.488895 1285.000000 
416 42 748 29.554815 1636.000000 
417 199 489 6.766592 420.000000 
418 28 324 3.530432 108.000000 
419 48 219 1.725184 31.000000 
420 74 108 1.466112 4.000000 
421 68 802 40.855778 2227.000000 
422 237 96 0.376448 2.000000 
423 11 770 117.537155 1824.000000 
424 55 257 1.146368 52.000000 
425 177 311 2.093792 95.000000 
426 171 454 8.178112 315.000000 
427 39 145 0.766176 8.000000 
428 14 725 71.860222 1599.000000 
429 46 165 0.925664 13.000000 
430 45 56 0.445888 0.000000 
431 182 86 0.377888 2.000000 
432 44 135 0.591872 8.000000 
433 52 950 55.354656 3853.000000 
434 189 427 4.216864 264.000000 
435 41 696 24.666208 1297.000000 
436 117 2 0.343680 0.000000 
437 136 539 10.053760 560.000000 
438 205 320 3.197952 111.000000 
439 213 890 39.965057 2991.000000 
440 203 893 45.036831 3042.000000 
441 152 842 30.113792 2501.000000 
442 83 293 1.906720 81.000000 
443 197 309 2.240096 96.000000 
444 195 974 61.513729 4078.000000 
445 133 286 1.782528 72.000000 
446 256 503 6.234592 444.000000 
447 48 170 1.275776 14.000000 
448 129 226 1.280992 36.000000 
449 75 704 20.374817 1261.000000 
450 224 615 12.993088 836.000000 
451 33 975 90.198013 4225.000000 
452 48 738 26.824352 1840.000000 
453 112 789 28.232639 2011.000000 
454 146 689 19.755009 1241.000000 
455 75 763 30.021631 1805.000000 
456 121 817 24.923649 2228.000000 
457 46 735 25.300480 1527.000000 
458 22 42 0.412000 0.000000 
459 149 632 15.634432 936.000000 
460 168 780 28.140127 2426.000000 
461 160 1018 56.253601 4768.000000 
462 223 207 0.927744 25.000000 
463 53 701 24.895489 1321.000000 
464 232 170 0.883136 15.000000 
465 61 724 20.191233 1503.000000 
466 167 601 14.534880 791.000000 
467 98 285 3.766080 73.000000 
468 21 976 146.534561 3710.000000 
469 250 904 40.464382 3079.000000 
470 233 659 15.474720 1058.000000 
471 145 203 0.882688 24.000000 
472 220 831 34.018303 2375.000000 
473 122 24 0.629056 0.000000 
474 238 277 3.316128 65.000000 
475 97 767 28.340223 1799.000000 
476 186 392 4.289248 195.000000 
477 106 594 15.227936 751.000000 
478 26 216 1.450880 31.000000 
479 75 113 0.623040 4.000000 
480 163 303 1.970176 93.000000 
481 170 992 65.527229 3734.000000 
482 75 406 8.142144 221.000000 
483 104 502 8.168288 439.000000 
484 208 161 0.915456 12.000000 
485 175 996 57.890816 4430.000000 
486 6 514 64.165886 482.000000 
487 56 853 36.062016 2683.000000 
488 246 114 0.478368 4.000000 
489 35 932 72.391167 3552.000000 
490 127 340 2.199392 127.000000 
491 111 199 2.027840 23.000000 
492 178 561 9.222144 634.000000 
493 177 103 1.431648 3.000000 
494 151 162 0.556224 13.000000 
495 197 505 13.175744 447.000000 
496 229 87 1.395456 2.000000 
497 59 110 1.953856 4.000000 
498 100 775 31.594561 1919.000000 
499 149 597 11.167296 799.000000 
500 203 43 0.358400 1.000000 
501 237 841 32.915775 2457.000000 
502 233 273 1.503360 66.000000 
503 244 38 0.417728 0.000000 
504 101 377 3.231392 177.000000 
505 239 1005 58.741154 4650.000000 
506 223 424 4.475776 255.000000 
507 121 767 23.075071 1816.000000 
508 129 344 2.852320 139.000000 
509 76 92 0.369088 2.000000 
510 20 739 59.441536 1589.000000 
511 77 795 29.648640 2044.000000 
512 199 980 66.830338 4222.000000 
513 131 991 64.940002 4395.000000 
514 159 986 51.899967 4315.000000 
515 96 919 43.650497 3393.000000 
516 256 393 4.833504 204.000000 
517 64 284 1.640192 71.000000 
518 173 821 30.277857 2303.000000 
519 28 946 97.787933 3720.000000 
520 219 854 33.187584 2608.000000 
521 100 324 2.475488 108.000000 
522 188 951 49.052834 3754.000000 
523 167 988 59.832382 4296.000000 
524 193 176 0.823360 17.000000 
525 67 1011 82.936989 4708.000000 
526 207 503 7.355264 445.000000 
527 212 182 0.805632 18.000000 
528 77 882 45.401825 2939.000000 
529 119 755 25.632641 1723.000000 
530 245 773 26.999329 1873.000000 
531 135 754 26.143999 1762.000000 
532 148 228 1.071360 35.000000 
533 147 864 38.897697 2392.000000 
534 33 76 1.120512 1.000000 
535 168 265 1.767424 56.000000 
536 57 421 4.338880 247.000000 
537 100 250 1.297504 47.000000 
538 1 88 1.939200 2.000000 
539 158 881 39.760448 2997.000000 
540 128 227 1.107968 34.000000 
541 182 377 3.378400 186.000000 
542 163 126 0.611296 7.000000 
543 232 11 0.329728 0.000000 
544 36 377 6.386112 182.000000 
545 100 9 0.338176 0.000000 
546 65 52 0.293536 0.000000 
547 204 36 0.937024 1.000000 
548 175 802 25.636095 2246.000000 
549 59 503 6.386368 449.000000 
550 226 360 2.643008 149.000000 
551 188 727 20.531521 1489.000000 
552 130 896 50.567520 4093.000000 
553 44 822 38.365185 2241.000000 
554 249 28 0.331776 0.000000 
555 233 23 0.346304 0.000000 
556 58 727 17.491072 1558.000000 
557 131 362 3.241408 153.000000 
558 178 264 1.477888 56.000000 
559 158 382 5.857280 183.000000 
560 87 885 42.200768 2947.000000 
561 199 861 44.742687 2754.000000 
562 142 808 32.120544 2151.000000 
563 39 983 80.930336 5259.000000 
564 1 587 356.386810 761.000000 
565 230 932 26.468351 3473.000000 
566 119 375 2.923968 169.000000 
567 26 741 45.137920 1654.000000 
568 207 577 10.799424 702.000000 
569 179 113 0.424704 4.000000 
570 110 779 24.304865 1913.000000 
571 213 500 7.255040 441.000000 
572 47 836 42.043488 2508.000000 
573 140 642 14.820512 968.000000 
574 109 94 0.777248 3.000000 
575 220 892 39.782593 3035.000000 
576 5 47 0.287392 0.000000 
577 198 1006 69.671043 5292.000000 
578 230 439 4.516672 301.000000 
579 71 958 66.008415 3843.000000 
580 98 128 1.903200 6.000000 
581 69 524 12.559008 502.000000 
582 143 1013 64.788483 4800.000000 
583 138 382 3.271008 185.000000 
584 45 776 34.039806 1902.000000 
585 80 936 54.213215 4423.000000 
586 46 314 2.365440 99.000000 
587 213 176 0.759840 17.000000 
588 19 828 84.565758 2294.000000 
589 241 549 12.232800 610.000000 
590 246 127 0.432928 5.000000 
591 219 729 19.308577 1547.000000 
592 131 271 4.306848 63.000000 
593 66 644 19.204096 978.000000 
594 56 363 2.652160 152.000000 
595 174 520 8.532512 495.000000 
596 145 747 23.902208 1689.000000 
597 44 170 0.858304 14.000000 
598 71 244 1.458784 44.000000 
599 213 580 10.539008 778.000000 
600 92 214 0.876800 28.000000 
601 90 136 0.469312 9.000000 
602 228 212 0.891008 28.000000 
603 209 127 0.612480 6.000000 
604 232 669 14.164480 1148.000000 
605 237 427 5.082720 273.000000 
606 112 128 0.448576 7.000000 
607 240 675 15.240672 1152.000000 
608 70 576 13.394112 719.000000 
609 95 482 5.699488 490.000000 
610 243 42 0.299008 0.000000 
611 237 228 1.036288 35.000000 
612 218 133 0.634880 6.000000 
613 135 639 14.123680 954.000000 
614 174 167 0.688256 14.000000 
615 240 267 1.364064 58.000000 
616 249 408 6.301984 224.000000 
617 235 706 23.162880 1340.000000 
618 225 824 30.177280 2314.000000 
619 146 331 2.384128 117.000000 
620 171 220 1.052928 33.000000 
621 124 30 0.522336 0.000000 
622 138 887 42.807297 2959.000000 
623 114 373 5.445088 172.000000 
624 184 863 32.562626 2855.000000 
625 181 175 0.785792 15.000000 
626 141 200 0.942080 23.000000 
627 92 313 1.986560 100.000000 
628 182 77 0.600128 1.000000 
629 201 728 23.951777 1499.000000 
630 99 84 0.847872 1.000000 
631 256 537 10.811392 588.000000 
632 77 256 1.208032 64.000000 
633 29 789 48.431904 1986.000000 
634 112 360 2.684928 147.000000 
635 148 389 6.186464 195.000000 
636 44 382 4.907200 185.000000 
637 185 32 0.384864 0.000000 
638 199 863 41.359360 2826.000000 
639 200 995 65.777664 4448.000000 
640 60 558 10.183296 614.000000 
641 161 981 62.404705 4264.000000 
642 222 967 58.315266 3975.000000 
643 191 601 14.985824 780.000000 
644 244 831 24.701056 2331.000000 
645 38 496 9.250816 411.000000 
646 253 651 17.245983 1089.000000 
647 144 516 7.638240 483.000000 
648 111 161 0.537152 12.000000 
649 212 449 4.868096 318.000000 
650 64 534 8.938752 559.000000 
651 208 11 1.295296 0.000000 
652 69 436 6.035584 277.000000 
653 28 980 106.209091 4158.000000 
654 65 719 29.410624 1452.000000 
655 114 194 0.879328 22.000000 
656 233 540 9.529504 585.000000 
657 177 489 7.723008 422.000000 
658 182 906 45.880898 3195.000000 
659 232 426 4.377568 265.000000 
660 54 262 3.076096 55.000000 
661 189 703 18.744097 1346.000000 
662 81 754 25.446177 1724.000000 
663 130 143 0.864768 9.000000 
664 95 524 10.014720 535.000000 
665 178 83 1.094880 2.000000 
666 138 339 3.559424 127.000000 
667 250 571 8.742400 683.000000 
668 196 142 0.530336 8.000000 
669 183 228 0.979680 35.000000 
670 170 965 55.252480 4014.000000 
671 121 424 4.274112 258.000000 
672 167 176 0.800672 17.000000 
673 141 636 16.232449 956.000000 
674 49 855 41.240417 2659.000000 
675 149 944 54.982529 3411.000000 
676 84 446 6.348928 299.000000 
677 44 955 63.408127 3917.000000 
678 64 1016 59.731968 4706.000000 
679 121 114 0.520064 5.000000 
680 66 804 39.676449 2101.000000 
681 137 842 35.645439 2509.000000 
682 230 726 24.804672 1488.000000 
683 147 575 13.738496 713.000000 
684 68 787 36.800735 2020.000000 
685 28 666 30.562977 1327.000000 
686 149 705 21.033440 1345.000000 
687 35 504 10.581664 449.000000 
688 104 958 62.849182 3889.000000 
689 41 274 1.722112 63.000000 
690 113 916 46.086239 3325.000000 
691 168 96 0.456256 3.000000 
692 68 440 6.102720 288.000000 
693 201 447 5.856320 309.000000 
694 120 475 6.858272 382.000000 
695 186 218 0.890880 31.000000 
696 221 148 0.729952 10.000000 
697 105 699 24.338623 1324.000000 
698 33 190 1.029120 20.000000 
699 35 841 54.008640 2519.000000 
700 124 642 15.674720 977.000000 
701 220 426 4.302848 261.000000 
702 231 698 22.491137 1309.000000 
703 42 748 28.680544 1687.000000 
704 199 489 8.615968 423.000000 
705 28 324 3.517344 108.000000 
706 48 219 1.234752 31.000000 
707 74 108 0.782336 4.000000 
708 68 802 37.413246 2204.000000 
709 237 96 1.382272 2.000000 
710 11 770 117.317665 1860.000000 
711 55 257 1.370240 50.000000 
712 177 311 2.014624 96.000000 
713 171 454 5.901472 319.000000 
714 39 145 0.772096 9.000000 
715 14 725 78.745598 1529.000000 
716 46 165 2.648736 13.000000 
717 45 56 0.419968 1.000000 
718 182 86 0.381696 2.000000 
719 44 135 0.661696 7.000000 
720 52 950 58.384354 3864.000000 
721 189 427 4.306336 270.000000 
722 41 696 24.532640 1279.000000 
723 117 2 0.333824 0.000000 
724 136 539 8.652320 563.000000 
725 205 320 3.306784 111.000000 
726 213 890 40.421089 2962.000000 
727 203 893 47.173473 3069.000000 
728 152 842 34.311295 2469.000000 
729 83 293 1.903648 82.000000 
730 197 309 2.332160 98.000000 
731 195 974 62.048191 4113.000000 
732 133 286 1.894432 72.000000 
733 256 503 8.744960 451.000000 
734 48 170 0.936352 14.000000 
735 129 226 1.100256 35.000000 
736 75 704 20.079712 1271.000000 
737 224 615 16.173153 868.000000 
738 33 975 92.020798 4213.000000 
739 48 738 24.844769 1881.000000 
740 112 789 24.621376 1997.000000 
741 146 689 20.512768 1288.000000 
742 75 763 28.102943 1807.000000 
743 121 817 30.455551 2248.000000 
744 46 735 24.056095 1573.000000 
745 22 42 0.620352 1.000000 
746 149 632 12.146400 1084.000000 
747 168 780 29.431711 2561.000000 
748 160 1018 57.431679 4776.000000 
749 223 207 1.031136 26.000000 
750 53 701 20.652033 1372.000000 
751 232 170 0.808672 16.000000 
752 61 724 20.543840 1476.000000 
753 167 601 14.779456 786.000000 
754 98 285 2.018656 72.000000 
755 21 976 146.670532 3792.000000 
756 250 904 41.857567 3120.000000 
757 233 659 16.646208 1071.000000 
758 145 203 0.818496 25.000000 
759 220 831 34.483841 2346.000000 
760 122 24 0.287744 0.000000 
761 238 277 1.511456 66.000000 
762 97 767 28.657568 1866.000000 
763 186 392 3.520128 198.000000 
764 106 594 11.651936 758.000000 
765 26 216 1.475872 30.000000 
766 75 113 0.355040 5.000000 
767 163 303 4.284416 86.000000 
768 170 992 62.515743 3793.000000 
769 75 406 8.202432 223.000000 
770 104 502 11.461792 440.000000 
771 208 161 0.760832 12.000000 
772 175 996 62.359104 4391.000000 
773 6 514 65.779869 482.000000 
774 56 853 36.038719 2591.000000 
775 246 114 1.904704 4.000000 
776 35 932 76.189278 3501.000000 
777 127 340 2.367264 129.000000 
778 111 199 0.936352 24.000000 
779 178 561 14.980736 643.000000 
780 177 103 0.531584 3.000000 
781 151 162 1.163104 12.000000 
782 197 505 8.553824 452.000000 
783 229 87 0.362144 3.000000 
784 59 110 0.475584 5.000000 
785 100 775 24.745632 1919.000000 
786 149 597 14.765152 763.000000 
787 203 43 0.497664 0.000000 
788 237 841 30.498816 2499.000000 
789 233 273 1.375360 66.000000 
790 244 38 0.339968 0.000000 
791 101 377 3.207168 173.000000 
792 239 1005 57.013664 4682.000000 
793 223 424 5.326848 256.000000 
794 121 767 27.178976 1803.000000 
795 129 344 2.790528 128.000000 
796 76 92 0.401600 3.000000 
797 20 739 58.367393 1613.000000 
798 77 795 31.576063 2117.000000 
799 199 980 63.125504 4219.000000 
800 131 991 64.253632 4369.000000 
801 159 986 52.912128 4227.000000 
802 96 919 41.570976 3395.000000 
803 256 393 5.253216 203.000000 
804 64 284 1.573920 71.000000 
805 173 821 29.868032 2288.000000 
806 28 946 96.592834 3651.000000 
807 219 854 34.641727 2664.000000 
808 100 324 2.551808 110.000000 
809 188 951 51.271713 3771.000000 
810 167 988 60.977154 4257.000000 
811 193 176 0.761536 17.000000 
812 67 1011 85.189087 4637.000000 
813 207 503 7.112704 477.000000 
814 212 182 0.735360 18.000000 
815 77 882 47.938015 2903.000000 
816 119 755 24.468288 1744.000000 
817 245 773 20.777184 1868.000000 
818 135 754 25.368608 1710.000000 
819 148 228 0.944128 35.000000 
820 147 864 40.173824 2459.000000 
821 33 76 0.440608 1.000000 
822 168 265 3.693600 56.000000 
823 57 421 6.060192 252.000000 
824 100 250 2.089152 46.000000 
825 1 88 2.764416 2.000000 
826 158 881 36.544640 2939.000000 
827 128 227 1.034720 35.000000 
828 182 377 3.243040 189.000000 
829 163 126 0.431296 6.000000 
830 232 11 0.437152 0.000000 
831 36 377 4.485536 171.000000 
832 100 9 0.520480 0.000000 
833 65 52 0.404096 0.000000 
834 204 36 0.507904 1.000000 
835 175 802 27.788799 2208.000000 
836 59 503 10.919872 447.000000 
837 226 360 2.883904 150.000000 
838 188 727 19.225088 1503.000000 
839 130 896 47.312641 4071.000000 
840 44 822 40.797825 2314.000000 
841 249 28 0.250048 0.000000 
842 233 23 0.407360 0.000000 
843 58 727 18.460993 1495.000000 
844 131 362 3.872800 151.000000 
845 178 264 1.358016 55.000000 
846 158 382 3.362912 184.000000 
847 87 885 45.715744 2973.000000 
848 199 861 41.405567 2704.000000 
849 142 808 28.823551 2211.000000 
850 39 983 80.441345 5303.000000 
851 1 587 369.166870 728.000000 
852 230 932 24.246656 3535.000000 
853 119 375 3.706880 172.000000 
854 26 741 43.145599 1626.000000 
855 207 577 10.402912 693.000000 
856 179 113 0.475904 4.000000 
857 110 779 26.722336 1970.000000 
858 213 500 11.056416 430.000000 
859 47 836 38.539070 2460.000000 
860 140 642 14.714816 994.000000 
861 109 94 0.372864 2.000000 
862 220 892 41.698689 2992.000000 
863 5 47 1.441792 0.000000 
864 198 1006 69.527580 5235.000000 
865 230 439 7.606848 307.000000 
866 71 958 65.379395 3836.000000 
867 98 128 0.432128 7.000000 
868 69 524 9.119904 509.000000 
869 143 1013 61.143040 4785.000000 
870 138 382 3.356640 182.000000 
871 45 776 33.566784 1907.000000 
872 80 936 56.757118 4370.000000 
873 46 314 4.258400 102.000000 
874 213 176 1.653728 17.000000 
875 19 828 87.907936 2363.000000 
876 241 549 9.002816 587.000000 
877 246 127 0.541248 6.000000 
878 219 729 22.717152 1511.000000 
879 131 271 1.822624 61.000000 
880 66 644 23.030209 1028.000000 
881 56 363 2.824192 153.000000 
882 174 520 7.628896 504.000000 
883 145 747 21.512863 1644.000000 
884 44 170 1.484800 15.000000 
885 71 244 1.569664 44.000000 
886 213 580 11.533824 796.000000 
887 92 214 1.417632 29.000000 
888 90 136 1.504800 7.000000 
889 228 212 1.107968 28.000000 
890 209 127 0.655424 7.000000 
891 232 669 15.564800 1208.000000 
892 237 427 7.612192 266.000000 
893 112 128 0.529696 7.000000 
894 240 675 20.638111 1176.000000 
895 70 576 12.564064 693.000000 
896 95 482 7.790592 494.000000 
897 243 42 0.436224 0.000000 
898 237 228 1.048768 36.000000 
899 218 133 0.777856 7.000000 
900 135 639 14.139040 973.000000 
901 174 167 0.796832 14.000000 
902 240 267 1.401632 59.000000 
903 249 408 3.966976 223.000000 
904 235 706 16.284512 1380.000000 
905 225 824 30.706335 2277.000000 
906 146 331 2.709280 118.000000 
907 171 220 1.008448 33.000000 
908 124 30 0.927392 0.000000 
909 138 887 43.760288 3038.000000 
910 114 373 3.152608 169.000000 
911 184 863 37.198303 2802.000000 
912 181 175 1.251424 19.000000 
913 141 200 0.780288 28.000000 
914 92 313 2.101760 99.000000 
915 182 77 0.429632 1.000000 
916 201 728 22.933311 1501.000000 
917 99 84 0.440672 2.000000 
918 256 537 7.495776 570.000000 
919 77 256 1.461856 60.000000 
920 29 789 52.426750 1991.000000 
921 112 360 2.734080 149.000000 
922 148 389 3.374752 205.000000 
923 44 382 6.701088 186.000000 
924 185 32 0.501120 1.000000 
925 199 863 43.731167 2760.000000 
926 200 995 65.376541 4489.000000 
927 60 558 9.784416 613.000000 
928 161 981 59.181248 4286.000000 
929 222 967 53.690720 4024.000000 
930 191 601 13.328384 784.000000 
931 244 831 30.958689 2364.000000 
932 38 496 9.562976 430.000000 
933 253 651 15.511200 1057.000000 
934 144 516 9.049312 485.000000 
935 111 161 1.079072 12.000000 
936 212 449 5.150720 308.000000 
937 64 534 10.443520 538.000000 
938 208 11 0.372096 0.000000 
939 69 436 5.905184 277.000000 
940 28 980 109.984192 4178.000000 
941 65 719 25.629568 1442.000000 
942 114 194 0.841760 21.000000 
943 233 540 12.627968 570.000000 
944 177 489 7.081184 446.000000 
945 182 906 41.482304 3135.000000 
946 232 426 4.359520 261.000000 
947 54 262 1.553760 55.000000 
948 189 703 17.038113 1348.000000 
949 81 754 24.886496 1723.000000 
950 130 143 0.567360 8.000000 
951 95 524 11.988832 507.000000 
952 178 83 0.473088 2.000000 
953 138 339 2.711904 127.000000 
954 250 571 11.616960 668.000000 
955 196 142 0.507872 8.000000 
956 183 228 1.379584 35.000000 
957 170 965 57.356800 4057.000000 
958 121 424 5.941248 248.000000 
959 167 176 0.795328 16.000000 
960 141 636 15.937888 961.000000 
961 49 855 47.705982 2656.000000 
962 149 944 50.744865 3388.000000 
963 84 446 7.626368 303.000000 
964 44 955 67.841408 3827.000000 
965 64 1016 54.892544 4685.000000 
966 121 114 0.785760 5.000000 
967 66 804 37.892159 2142.000000 
968 137 842 35.872543 2499.000000 
969 230 726 21.632769 1513.000000 
970 147 575 9.765920 710.000000 
971 68 787 32.846081 1964.000000 
972 28 666 35.147778 1321.000000 
973 149 705 19.443712 1373.000000 
974 35 504 16.250879 452.000000 
975 104 958 54.694176 3831.000000 
976 41 274 1.750080 64.000000 
977 113 916 44.894241 3244.000000 
978 168 96 2.717632 3.000000 
979 68 440 5.907008 289.000000 
980 201 447 8.091200 302.000000 
981 120 475 6.305344 381.000000 
982 186 218 1.067296 32.000000 
983 221 148 0.941920 10.000000 
984 105 699 23.193600 1331.000000 
985 33 190 1.108096 20.000000 
986 35 841 50.365952 2451.000000 
987 124 642 12.257280 969.000000 
988 220 426 4.784128 274.000000 
989 231 698 18.931711 1286.000000 
990 42 748 33.255424 1669.000000 
991 199 489 11.233984 426.000000 
992 28 324 3.587008 109.000000 
993 48 219 2.162688 32.000000 
994 74 108 0.622784 4.000000 
995 68 802 34.379906 2243.000000 
996 237 96 0.484960 3.000000 
997 11 770 108.426048 1835.000000 
998 55 257 1.471200 50.000000 
999 177 311 1.902752 96.000000 
1000 171 454 8.758080 317.000000 
1001 39 145 0.870592 9.000000 
1002 14 725 77.683708 1573.000000 
1003 46 165 0.804416 14.000000 
1004 45 56 0.309248 1.000000 
1005 182 86 0.446304 3.000000 
1006 44 135 0.452608 7.000000 
1007 52 950 56.022209 3805.000000 
1008 189 427 5.175296 266.000000 
1009 41 696 22.517696 1322.000000 
1010 117 2 0.239552 0.000000 
1011 136 539 8.656384 555.000000 
1012 205 320 2.678784 109.000000 
1013 213 890 44.848866 3001.000000 
1014 203 893 47.363136 3054.000000 
1015 152 842 30.588448 2597.000000 
1016 83 293 3.692544 80.000000 
1017 197 309 2.499424 98.000000 
1018 195 974 59.965694 4121.000000 
1019 133 286 1.797728 71.000000 
1020 256 503 6.337024 449.000000 
1021 48 170 0.894688 16.000000 
1022 129 226 1.299072 35.000000 
1023 75 704 24.122175 1267.000000 
