0 43 1024 87.289345
1 197 1024 69.977821
2 256 1024 53.072224
3 102 1024 68.542595
4 99 1024 72.546303
5 142 1024 63.129726
6 152 1024 57.572033
7 16 1024 171.682526
8 84 1024 37.389088
9 50 1024 39.213055
10 139 1024 37.953758
11 211 1024 38.187328
12 115 1024 32.654625
13 221 1024 34.484863
14 171 1024 36.059071
15 77 1024 40.791584
16 181 1024 45.508961
17 72 1024 57.971169
18 29 1024 87.495331
19 30 1024 73.768959
20 9 1024 229.488892
21 46 1024 42.637119
22 256 1024 30.804319
23 251 1024 31.616545
24 38 1024 49.852417
25 256 1024 33.588127
26 79 1024 40.264961
27 254 1024 30.525856
28 136 1024 36.476608
29 217 1024 36.147518
30 9 1024 242.036743
31 64 1024 32.481281
32 181 1024 35.268162
33 180 1024 36.147423
34 143 1024 36.333954
35 170 1024 34.721313
36 197 1024 40.386177
37 221 1024 36.069534
38 77 1024 41.975105
39 8 1024 222.816284
40 33 1024 59.547745
41 165 1024 38.577183
42 156 1024 32.322945
43 95 1024 33.828384
44 139 1024 36.491264
45 90 1024 32.144768
46 231 1024 35.121952
47 129 1024 40.788258
48 95 1024 34.240513
49 118 1024 45.251808
50 13 1024 200.074371
51 222 1024 37.225536
52 24 1024 77.330818
53 23 1024 78.446877
54 7 1024 257.021942
55 157 1024 34.120831
56 21 1024 91.316223
57 175 1024 33.772575
58 203 1024 39.378880
59 236 1024 35.090366
60 158 1024 33.251328
61 253 1024 32.701889
62 112 1024 34.805664
63 148 1024 36.601856
64 34 1024 56.112129
65 60 1024 35.275040
66 146 1024 43.389183
67 208 1024 45.727390
68 194 1024 49.848190
69 154 1024 43.667297
70 248 1024 42.580097
71 95 1024 45.575264
72 20 1024 121.458595
73 235 1024 38.211903
74 116 1024 38.221504
75 216 1024 38.148094
76 32 1024 63.979519
77 159 1024 34.603870
78 11 1024 182.291397
79 62 1024 31.823648
80 175 1024 35.330879
81 241 1024 34.171646
82 86 1024 37.161282
83 212 1024 37.868546
84 198 1024 40.543713
85 98 1024 40.827232
86 40 1024 48.086273
87 50 1024 47.655071
88 109 1024 46.350273
89 102 1024 48.337185
90 114 1024 43.336990
91 153 1024 48.099838
92 180 1024 47.794815
93 93 1024 46.897182
94 99 1024 54.710274
95 132 1024 57.488831
96 248 1024 45.992161
97 196 1024 59.735134
98 211 1024 60.904926
99 127 1024 50.014050
100 99 1024 69.314980
101 173 1024 58.683201
102 225 1024 53.573311
103 60 1024 55.890049
104 178 1024 56.563713
105 108 1024 57.292606
106 219 1024 56.776512
107 228 1024 53.985920
108 59 1024 54.566593
109 148 1024 68.799171
110 95 1024 58.294174
111 171 1024 66.682175
112 46 1024 73.719360
113 34 1024 97.906754
114 192 1024 46.641151
115 167 1024 55.320896
116 27 1024 102.189056
117 247 1024 33.913090
118 171 1024 42.115456
119 226 1024 39.088928
120 180 1024 40.229599
121 140 1024 40.953918
122 11 1024 172.076416
123 174 1024 38.083038
124 213 1024 37.976383
125 225 1024 35.544704
126 41 1024 48.886974
127 56 1024 34.647968
128 193 1024 40.598305
129 182 1024 35.688801
130 24 1024 77.985794
131 96 1024 34.311871
132 175 1024 34.218754
133 254 1024 30.939552
134 80 1024 39.462143
135 200 1024 39.526402
136 133 1024 40.885506
137 145 1024 36.131199
138 153 1024 35.473408
139 43 1024 45.820736
140 227 1024 44.591072
141 33 1024 76.452164
142 43 1024 59.796577
143 241 1024 45.494049
144 99 1024 57.418465
145 111 1024 51.837345
146 19 1024 139.765625
147 256 1024 30.545025
148 31 1024 61.235294
149 190 1024 34.491104
150 216 1024 37.640705
151 212 1024 36.114304
152 116 1024 33.450401
153 136 1024 38.506462
154 95 1024 34.228191
155 210 1024 48.922623
156 6 1024 356.785339
157 113 1024 34.200863
158 12 1024 152.256317
159 217 1024 38.258015
160 4 1024 448.368774
161 121 1024 32.591393
162 42 1024 45.476383
163 27 1024 69.244576
164 174 1024 35.336193
165 117 1024 35.413216
166 141 1024 36.861023
167 43 1024 47.625793
168 20 1024 92.108963
169 192 1024 33.994816
170 117 1024 35.738945
171 86 1024 37.868130
172 32 1024 59.387424
173 46 1024 42.408001
174 182 1024 36.028416
175 55 1024 37.848000
176 214 1024 35.113441
177 65 1024 60.164097
178 22 1024 115.837410
179 134 1024 39.323105
180 219 1024 38.034912
181 160 1024 30.883265
182 247 1024 32.986942
183 49 1024 40.559967
184 52 1024 39.267937
185 196 1024 40.386719
186 54 1024 35.852543
187 174 1024 35.184895
188 81 1024 53.454369
189 245 1024 44.185856
190 82 1024 52.555935
191 143 1024 50.475681
192 74 1024 62.830399
193 117 1024 54.220001
194 209 1024 60.581631
195 87 1024 57.682400
196 104 1024 59.854847
197 251 1024 52.954754
198 223 1024 56.807423
199 140 1024 58.256351
200 231 1024 57.192898
201 98 1024 66.843773
202 57 1024 60.425568
203 13 1024 238.701508
204 250 1024 33.655266
205 163 1024 37.733761
206 73 1024 42.910721
207 166 1024 41.138176
208 16 1024 112.826653
209 1 1024 1814.595703
210 146 1024 38.752254
211 226 1024 38.738144
212 86 1024 36.528225
213 131 1024 39.902943
214 79 1024 40.632832
215 32 1024 63.405281
216 125 1024 33.048962
217 167 1024 36.324673
218 87 1024 38.285313
219 233 1024 40.341503
220 189 1024 41.486366
221 85 1024 46.979198
222 68 1024 58.109951
223 129 1024 53.809566
224 26 1024 93.034721
225 18 1024 138.902969
226 212 1024 38.881790
227 188 1024 35.667168
228 230 1024 34.756802
229 118 1024 37.193535
230 144 1024 37.972961
231 19 1024 98.004288
232 135 1024 39.286846
233 224 1024 34.730049
234 171 1024 33.997471
235 247 1024 32.997791
236 122 1024 34.052673
237 104 1024 39.863552
238 44 1024 44.456448
239 102 1024 38.628479
240 152 1024 36.229919
241 21 1024 119.380989
242 80 1024 47.061344
243 187 1024 43.929665
244 152 1024 40.829952
245 81 1024 49.809792
246 41 1024 58.320896
247 202 1024 47.312321
248 214 1024 45.297760
249 153 1024 43.981728
250 140 1024 47.575649
251 44 1024 67.809021
252 82 1024 55.404255
253 121 1024 49.339809
254 42 1024 75.362816
255 216 1024 56.136543
256 252 1024 50.603104
257 184 1024 54.906879
258 253 1024 53.387135
259 243 1024 54.609535
260 47 1024 70.996002
261 208 1024 63.611168
262 230 1024 54.940033
263 234 1024 59.526497
264 123 1024 52.430466
265 160 1024 53.827713
266 148 1024 59.318272
267 189 1024 53.301281
268 167 1024 60.380192
269 101 1024 71.071968
270 167 1024 61.114624
271 158 1024 58.761856
272 246 1024 54.663040
273 231 1024 56.697727
274 21 1024 155.590118
275 186 1024 35.134274
276 170 1024 35.788799
277 240 1024 34.294529
278 205 1024 38.054977
279 87 1024 35.796638
280 199 1024 39.393280
281 2 1024 903.817810
282 155 1024 36.001793
283 31 1024 60.906239
284 25 1024 76.088577
285 73 1024 42.259106
286 76 1024 42.271873
287 187 1024 36.279202
288 120 1024 33.342880
289 207 1024 38.401985
290 18 1024 102.556320
291 164 1024 38.547935
292 75 1024 42.395554
293 239 1024 34.729954
294 42 1024 47.038689
295 54 1024 37.864479
296 75 1024 42.158081
297 12 1024 154.776230
298 187 1024 32.563934
299 7 1024 259.624329
300 138 1024 37.109856
301 131 1024 40.850334
302 2 1024 899.049500
303 118 1024 33.672321
304 179 1024 36.317089
305 221 1024 36.787582
306 172 1024 37.476608
307 135 1024 39.516094
308 147 1024 35.979904
309 74 1024 41.085442
310 131 1024 37.992737
311 238 1024 42.016769
312 216 1024 51.033760
313 75 1024 57.324322
314 77 1024 55.032318
315 105 1024 53.647362
316 25 1024 108.505501
317 174 1024 39.354080
318 241 1024 36.911137
319 83 1024 41.827263
320 23 1024 86.130692
321 191 1024 36.068321
322 220 1024 35.585472
323 119 1024 36.782497
324 67 1024 48.260895
325 189 1024 42.403263
326 163 1024 48.875648
327 34 1024 76.321281
328 128 1024 40.820927
329 139 1024 48.639648
330 234 1024 43.748512
331 124 1024 41.476513
332 41 1024 60.880898
333 168 1024 46.966816
334 132 1024 55.363422
335 23 1024 102.926399
336 86 1024 38.793217
337 97 1024 44.042015
338 220 1024 35.018208
339 201 1024 40.900383
340 91 1024 37.053535
341 69 1024 44.586945
342 147 1024 39.277760
343 183 1024 35.281727
344 146 1024 35.725922
345 218 1024 50.356991
346 106 1024 48.928768
347 179 1024 50.683552
348 91 1024 48.173279
349 142 1024 55.691551
350 99 1024 57.120770
351 200 1024 58.574879
352 96 1024 53.705566
353 240 1024 55.009697
354 35 1024 90.919487
355 18 1024 129.396255
356 30 1024 65.540062
357 32 1024 59.277599
358 155 1024 36.136673
359 211 1024 38.452160
360 161 1024 40.034306
361 132 1024 39.718849
362 231 1024 33.328129
363 196 1024 41.177090
364 142 1024 48.867519
365 189 1024 46.545471
366 118 1024 45.971970
367 169 1024 49.660351
368 103 1024 53.698559
369 218 1024 55.465694
370 108 1024 51.714176
371 40 1024 70.638077
372 11 1024 238.850586
373 203 1024 37.938721
374 68 1024 45.148354
375 219 1024 36.656223
376 124 1024 33.631969
377 24 1024 77.902016
378 186 1024 34.975937
379 164 1024 36.183392
380 229 1024 36.088322
381 211 1024 37.745087
382 232 1024 33.867775
383 65 1024 46.820255
384 220 1024 36.600128
385 203 1024 37.916927
386 175 1024 36.337505
387 32 1024 76.224289
388 228 1024 42.577919
389 2 1024 924.299255
390 88 1024 37.146561
391 116 1024 34.792961
392 54 1024 37.227234
393 97 1024 43.632225
394 123 1024 30.799871
395 136 1024 39.326721
396 193 1024 40.716290
397 171 1024 37.518143
398 32 1024 78.144669
399 83 1024 52.964066
400 111 1024 49.256321
401 176 1024 50.668255
402 37 1024 76.531807
403 78 1024 53.237057
404 170 1024 52.195168
405 195 1024 53.394337
406 224 1024 50.906879
407 130 1024 57.666561
408 31 1024 83.388611
409 109 1024 47.521473
410 4 1024 478.208344
411 229 1024 35.865631
412 193 1024 40.531136
413 99 1024 40.595455
414 201 1024 39.136578
415 230 1024 34.681183
416 17 1024 108.795906
417 182 1024 38.696960
418 71 1024 45.458881
419 71 1024 46.822208
420 157 1024 36.656834
421 74 1024 45.257088
422 35 1024 57.120770
423 43 1024 46.102463
424 199 1024 40.355042
425 137 1024 44.599297
426 110 1024 43.483040
427 112 1024 43.456001
428 200 1024 49.013790
429 88 1024 45.878078
430 202 1024 51.703552
431 62 1024 41.687553
432 245 1024 45.008545
433 74 1024 57.664768
434 207 1024 52.886974
435 224 1024 49.795170
436 64 1024 49.166496
437 20 1024 145.883682
438 173 1024 36.929375
439 211 1024 36.090305
440 1 1024 1793.200562
441 66 1024 49.294750
442 18 1024 104.033821
443 29 1024 64.225281
444 247 1024 31.650976
445 40 1024 49.611553
446 78 1024 38.223873
447 224 1024 36.353600
448 137 1024 38.678658
449 26 1024 70.764801
450 181 1024 35.008511
451 47 1024 48.058399
452 82 1024 47.198143
453 224 1024 41.738239
454 68 1024 57.796993
455 32 1024 78.393150
456 221 1024 43.163391
457 100 1024 47.771488
458 136 1024 48.226112
459 35 1024 66.280769
460 173 1024 44.486912
461 174 1024 43.361664
462 188 1024 40.721760
463 146 1024 42.741760
464 129 1024 62.325630
465 18 1024 160.305252
466 50 1024 40.571232
467 137 1024 38.267105
468 214 1024 38.706242
469 168 1024 39.282753
470 244 1024 35.101055
471 247 1024 34.189602
472 172 1024 39.256447
473 253 1024 32.014847
474 170 1024 38.862465
475 245 1024 44.539009
476 141 1024 52.635647
477 8 1024 297.426239
478 190 1024 32.134911
479 87 1024 37.591042
480 204 1024 38.670143
481 96 1024 33.736736
482 191 1024 33.869087
483 129 1024 41.396290
484 11 1024 166.241959
485 172 1024 38.302048
486 3 1024 595.855347
487 125 1024 33.563042
488 255 1024 30.004353
489 90 1024 34.092510
490 145 1024 35.533440
491 74 1024 42.305248
492 120 1024 34.368961
493 148 1024 38.241310
494 61 1024 31.103968
495 118 1024 32.188705
496 155 1024 47.450623
497 111 1024 49.229824
498 21 1024 129.353851
499 239 1024 48.233150
500 114 1024 51.448383
501 102 1024 61.288704
502 252 1024 43.807873
503 22 1024 122.848000
504 168 1024 47.833183
505 8 1024 267.756683
506 149 1024 36.120575
507 21 1024 88.910141
508 141 1024 39.447071
509 237 1024 35.196545
510 99 1024 39.802528
511 114 1024 36.664383
512 96 1024 33.985249
513 238 1024 32.987648
514 46 1024 43.588703
515 229 1024 37.199776
516 206 1024 39.557503
517 149 1024 48.420734
518 168 1024 49.656574
519 103 1024 53.085857
520 182 1024 50.144642
521 211 1024 53.795135
522 80 1024 55.711681
523 140 1024 52.449215
524 47 1024 64.938019
525 241 1024 50.718208
526 151 1024 53.705666
527 18 1024 167.334137
528 204 1024 38.385666
529 201 1024 39.100479
530 65 1024 47.141121
531 186 1024 33.251328
532 31 1024 62.497120
533 54 1024 35.540447
534 15 1024 124.902946
535 86 1024 35.219551
536 123 1024 33.045246
537 201 1024 39.622974
538 155 1024 32.582943
539 36 1024 54.086910
540 254 1024 30.662239
541 190 1024 32.150177
542 131 1024 42.297630
543 90 1024 33.196194
544 207 1024 50.786846
545 46 1024 54.480610
546 201 1024 51.073025
547 2 1024 973.004211
548 165 1024 37.236191
549 134 1024 40.210430
550 122 1024 32.048225
551 8 1024 227.131302
552 137 1024 36.650368
553 55 1024 34.921440
554 142 1024 36.653057
555 146 1024 36.331104
556 220 1024 36.448513
557 175 1024 36.750881
558 16 1024 112.989250
559 143 1024 35.970367
560 155 1024 33.088833
561 137 1024 38.989822
562 127 1024 33.799969
563 147 1024 34.398304
564 226 1024 34.222305
565 256 1024 32.354015
566 115 1024 35.089600
567 226 1024 34.940960
568 175 1024 51.199009
569 170 1024 51.630337
570 131 1024 59.590656
571 203 1024 61.220383
572 233 1024 53.604095
573 99 1024 64.653343
574 103 1024 64.647171
575 55 1024 57.886719
576 161 1024 61.390846
577 134 1024 65.891167
578 90 1024 57.038849
579 129 1024 74.480957
580 151 1024 56.795296
581 100 1024 67.371773
582 194 1024 67.739616
583 136 1024 62.093536
584 256 1024 50.152672
585 238 1024 55.037952
586 19 1024 158.283875
587 3 1024 598.538696
588 134 1024 36.467968
589 181 1024 33.831200
590 241 1024 31.252544
591 21 1024 88.998909
592 145 1024 38.677376
593 21 1024 90.144989
594 149 1024 36.568672
595 34 1024 55.933151
596 197 1024 39.696735
597 172 1024 37.520065
598 113 1024 36.174751
599 224 1024 37.607712
600 204 1024 37.103840
601 17 1024 105.893250
602 23 1024 81.267006
603 177 1024 36.750977
604 85 1024 38.407681
605 195 1024 42.120640
606 87 1024 39.017406
607 48 1024 39.343777
608 92 1024 32.960930
609 96 1024 34.351105
610 167 1024 38.094849
611 9 1024 201.028931
612 172 1024 35.688030
613 24 1024 77.454750
614 201 1024 37.566463
615 15 1024 124.020737
616 163 1024 38.976543
617 96 1024 34.619392
618 167 1024 39.087746
619 136 1024 37.716290
620 54 1024 37.234943
621 235 1024 36.391006
622 130 1024 41.375458
623 203 1024 38.121407
624 52 1024 51.249634
625 214 1024 48.950783
626 75 1024 55.623199
627 14 1024 171.508835
628 207 1024 39.481342
629 35 1024 57.592224
630 81 1024 39.512417
631 121 1024 34.819649
632 88 1024 37.634274
633 104 1024 39.725056
634 29 1024 67.092224
635 127 1024 33.071938
636 74 1024 46.170113
637 200 1024 42.694466
638 154 1024 36.468098
639 109 1024 46.900417
640 138 1024 44.548962
641 35 1024 66.211006
642 122 1024 39.825409
643 67 1024 55.689281
644 237 1024 42.709633
645 138 1024 48.398335
646 212 1024 50.140766
647 196 1024 52.842495
648 251 1024 44.800289
649 246 1024 48.549793
650 18 1024 159.505722
651 201 1024 40.822784
652 243 1024 31.166784
653 57 1024 33.876640
654 10 1024 182.532379
655 218 1024 37.857121
656 15 1024 122.181602
657 52 1024 39.208286
658 107 1024 37.470558
659 255 1024 30.540960
660 8 1024 226.077286
661 75 1024 41.159870
662 91 1024 33.849442
663 212 1024 37.706177
664 221 1024 36.388863
665 22 1024 84.410110
666 94 1024 33.936382
667 220 1024 34.247746
668 209 1024 39.782688
669 89 1024 44.464127
670 122 1024 45.155457
671 23 1024 109.275421
672 178 1024 37.918655
673 55 1024 38.564545
674 153 1024 36.243614
675 215 1024 36.638912
676 97 1024 42.299103
677 162 1024 41.240799
678 46 1024 44.595009
679 207 1024 41.473858
680 143 1024 36.299839
681 22 1024 108.940895
682 27 1024 76.325409
683 109 1024 39.911423
684 197 1024 44.087391
685 135 1024 44.154400
686 211 1024 40.436256
687 106 1024 42.341759
688 167 1024 41.387455
689 152 1024 38.601856
690 187 1024 46.365726
691 159 1024 46.128384
692 121 1024 48.220287
693 13 1024 185.718140
694 215 1024 38.704895
695 26 1024 71.573662
696 226 1024 35.678497
697 131 1024 40.386593
698 162 1024 39.707455
699 113 1024 34.163712
700 240 1024 32.634048
701 94 1024 33.253407
702 61 1024 33.329857
703 86 1024 36.870335
704 93 1024 35.809727
705 4 1024 487.382996
706 204 1024 38.296478
707 108 1024 36.956032
708 17 1024 108.726433
709 73 1024 41.736481
710 30 1024 61.464577
711 89 1024 36.780930
712 231 1024 33.478241
713 41 1024 49.375168
714 140 1024 36.011105
715 29 1024 64.862366
716 180 1024 35.490849
717 189 1024 34.759777
718 35 1024 61.101601
719 162 1024 43.626080
720 134 1024 45.706944
721 104 1024 44.279583
722 5 1024 381.137939
723 147 1024 38.105087
724 41 1024 47.753471
725 82 1024 39.199490
726 12 1024 154.326553
727 114 1024 33.959042
728 240 1024 34.754177
729 23 1024 80.490494
730 177 1024 37.025791
731 229 1024 33.195168
732 177 1024 37.586334
733 192 1024 34.679359
734 44 1024 44.152000
735 81 1024 53.379265
736 18 1024 141.078491
737 242 1024 34.213886
738 221 1024 34.369663
739 170 1024 39.743649
740 3 1024 597.571838
741 101 1024 40.429760
742 235 1024 34.682880
743 138 1024 41.785633
744 140 1024 36.633698
745 152 1024 34.226177
746 43 1024 45.275200
747 128 1024 33.934273
748 201 1024 40.667648
749 195 1024 39.057598
750 67 1024 60.196350
751 170 1024 47.978783
752 51 1024 53.812767
753 14 1024 180.769638
754 15 1024 121.509567
755 134 1024 39.629887
756 32 1024 59.350529
757 256 1024 31.600737
758 67 1024 45.874561
759 5 1024 363.329987
760 142 1024 37.977695
761 58 1024 36.423679
762 82 1024 36.569408
763 225 1024 34.289440
764 28 1024 69.367325
765 101 1024 40.106174
766 143 1024 36.139393
767 49 1024 42.374176
768 89 1024 37.763969
769 105 1024 41.561344
770 146 1024 44.970432
771 59 1024 42.666527
772 65 1024 61.233150
773 223 1024 46.561440
774 222 1024 47.630337
775 137 1024 53.585758
776 5 1024 399.806854
777 202 1024 40.156513
778 193 1024 40.758881
779 63 1024 32.883263
780 11 1024 167.110657
781 129 1024 42.057858
782 123 1024 35.530750
783 171 1024 36.204063
784 54 1024 37.389439
785 240 1024 33.537186
786 162 1024 40.246944
787 30 1024 63.812031
788 103 1024 37.874882
789 256 1024 36.585056
790 196 1024 55.166943
791 250 1024 46.323040
792 68 1024 66.983421
793 84 1024 52.764385
794 79 1024 60.302208
795 13 1024 181.545502
796 56 1024 36.779362
797 54 1024 39.318783
798 174 1024 36.068512
799 29 1024 66.435806
800 186 1024 36.076897
801 209 1024 39.051327
802 181 1024 37.338432
803 196 1024 39.503487
804 211 1024 45.958206
805 160 1024 39.754082
806 63 1024 43.067425
807 127 1024 39.028736
808 218 1024 47.030750
809 38 1024 64.306465
810 21 1024 112.983299
811 1 1024 1831.939941
812 131 1024 42.269855
813 224 1024 32.771618
814 18 1024 103.305405
815 205 1024 38.168575
816 24 1024 78.028542
817 120 1024 30.880064
818 133 1024 39.240608
819 3 1024 594.675659
820 5 1024 360.798218
821 59 1024 35.189087
822 215 1024 39.053791
823 122 1024 31.728960
824 154 1024 35.809921
825 205 1024 39.953728
826 110 1024 37.309982
827 16 1024 113.571358
828 13 1024 141.395676
829 27 1024 70.883522
830 208 1024 38.361954
831 62 1024 32.078529
832 190 1024 34.891777
833 146 1024 37.060608
834 12 1024 152.627197
835 240 1024 33.340706
836 191 1024 31.467873
837 143 1024 37.795135
838 86 1024 37.035904
839 147 1024 36.317696
840 148 1024 37.197823
841 22 1024 83.932899
842 241 1024 32.062626
843 111 1024 34.911488
844 55 1024 36.243999
845 198 1024 40.824799
846 82 1024 36.866047
847 55 1024 37.932095
848 96 1024 32.989185
849 12 1024 150.406174
850 130 1024 40.588577
851 222 1024 37.414879
852 2 1024 904.110046
853 152 1024 33.001057
854 196 1024 40.007679
855 173 1024 37.401089
856 25 1024 75.172607
857 13 1024 140.722656
858 120 1024 33.384449
859 147 1024 37.212864
860 163 1024 39.170048
861 253 1024 34.912930
862 63 1024 31.612928
863 188 1024 35.342464
864 236 1024 34.992767
865 20 1024 93.058914
866 96 1024 34.556225
867 100 1024 41.451298
868 15 1024 122.833855
869 147 1024 34.079201
870 106 1024 38.377472
871 238 1024 37.698559
872 186 1024 32.045727
873 256 1024 32.933887
874 27 1024 70.144356
875 48 1024 41.865345
876 49 1024 40.948002
877 28 1024 82.507965
878 129 1024 43.984127
879 18 1024 114.563362
880 150 1024 34.357246
881 22 1024 83.992477
882 95 1024 32.299934
883 87 1024 38.127998
884 103 1024 39.069729
885 254 1024 32.654720
886 210 1024 38.201729
887 186 1024 34.541985
888 72 1024 59.012127
889 124 1024 43.726849
890 52 1024 52.310081
891 61 1024 47.144768
892 3 1024 642.881165
893 194 1024 41.978977
894 65 1024 47.016769
895 190 1024 34.861057
896 205 1024 36.549313
897 191 1024 31.587360
898 120 1024 34.035198
899 203 1024 39.286655
900 203 1024 39.321602
901 150 1024 35.430111
902 196 1024 54.957153
903 183 1024 48.629566
904 212 1024 52.740353
905 78 1024 57.314720
906 92 1024 47.823071
907 237 1024 48.112289
908 121 1024 48.811584
909 203 1024 61.995327
910 232 1024 56.040192
911 133 1024 68.707458
912 66 1024 78.807007
913 253 1024 45.559010
914 229 1024 51.789951
915 21 1024 129.335297
916 59 1024 44.782528
917 87 1024 49.698914
918 74 1024 57.233410
919 202 1024 50.345535
920 175 1024 47.136768
921 131 1024 50.653152
922 108 1024 46.629185
923 183 1024 45.125854
924 52 1024 58.614143
925 84 1024 57.933697
926 31 1024 99.061760
927 108 1024 61.465534
928 231 1024 55.199936
929 252 1024 58.460896
930 30 1024 103.913536
931 203 1024 49.679680
932 249 1024 40.559010
933 127 1024 38.026463
934 173 1024 45.194016
935 23 1024 103.536095
936 107 1024 40.234592
937 103 1024 42.497536
938 124 1024 39.800831
939 78 1024 44.236832
940 21 1024 97.900993
941 186 1024 34.803711
942 207 1024 36.611874
943 185 1024 33.090206
944 237 1024 35.684895
945 41 1024 47.845280
946 220 1024 36.307201
947 193 1024 40.606014
948 134 1024 39.530495
949 138 1024 38.545471
950 116 1024 44.098591
951 4 1024 514.305969
952 215 1024 39.436031
953 136 1024 37.770306
954 230 1024 33.607071
955 168 1024 38.179455
956 62 1024 31.605663
957 153 1024 33.398785
958 33 1024 59.289761
959 239 1024 32.147648
960 197 1024 40.170944
961 49 1024 46.059170
962 24 1024 90.774147
963 12 1024 152.169754
964 163 1024 37.044193
965 54 1024 37.380352
966 107 1024 36.966400
967 54 1024 37.463039
968 6 1024 301.288635
969 179 1024 34.655582
970 67 1024 44.020576
971 250 1024 31.219711
972 15 1024 121.180733
973 208 1024 37.270336
974 125 1024 32.891422
975 213 1024 36.443104
976 30 1024 62.468063
977 2 1024 902.613831
978 12 1024 152.547333
979 2 1024 899.670654
980 81 1024 39.068066
981 127 1024 32.524063
982 152 1024 35.555264
983 145 1024 34.689728
984 71 1024 46.043137
985 245 1024 32.396896
986 107 1024 35.398335
987 185 1024 34.590561
988 42 1024 64.120735
989 123 1024 42.493408
990 142 1024 52.173344
991 111 1024 49.871872
992 236 1024 49.803905
993 200 1024 54.995998
994 47 1024 60.008610
995 55 1024 59.048862
996 208 1024 59.357407
997 162 1024 65.612030
998 70 1024 68.468803
999 59 1024 54.848000
1000 45 1024 67.655968
1001 154 1024 55.995007
1002 121 1024 52.479553
1003 154 1024 54.489441
1004 111 1024 54.788383
1005 247 1024 50.476128
1006 60 1024 52.460545
1007 2 1024 983.257080
1008 94 1024 31.550655
1009 240 1024 32.778591
1010 60 1024 34.297825
1011 129 1024 40.934303
1012 163 1024 39.077633
1013 30 1024 61.222912
1014 254 1024 32.661598
1015 152 1024 34.080544
1016 135 1024 44.622944
1017 48 1024 56.271713
1018 195 1024 53.848606
1019 146 1024 49.580128
1020 255 1024 44.805408
1021 225 1024 51.732479
1022 176 1024 53.698559
1023 19 1024 143.698303
